#kx	ky	kz
6.3195721e-01 0.0000000e+00 0.0000000e+00
6.2513067e-01 2.8187204e-02 0.0000000e+00
6.0923614e-01 5.2655334e-02 0.0000000e+00
5.8944960e-01 7.4169748e-02 0.0000000e+00
5.6794301e-01 9.3982254e-02 0.0000000e+00
5.4560968e-01 1.1286264e-01 0.0000000e+00
5.2288451e-01 1.3127088e-01 0.0000000e+00
5.0000941e-01 1.4949283e-01 0.0000000e+00
4.7713533e-01 1.6771609e-01 0.0000000e+00
4.5436495e-01 1.8606865e-01 0.0000000e+00
4.3177414e-01 2.0464169e-01 0.0000000e+00
4.0941900e-01 2.2349763e-01 0.0000000e+00
3.8734449e-01 2.4268125e-01 0.0000000e+00
3.6558507e-01 2.6222146e-01 0.0000000e+00
3.4416790e-01 2.8213616e-01 0.0000000e+00
3.2311284e-01 3.0243328e-01 0.0000000e+00
3.0243328e-01 3.2311284e-01 0.0000000e+00
2.8213616e-01 3.4416790e-01 0.0000000e+00
2.6222146e-01 3.6558507e-01 0.0000000e+00
2.4268125e-01 3.8734449e-01 0.0000000e+00
2.2349763e-01 4.0941900e-01 0.0000000e+00
2.0464169e-01 4.3177414e-01 0.0000000e+00
1.8606865e-01 4.5436495e-01 0.0000000e+00
1.6771609e-01 4.7713533e-01 0.0000000e+00
1.4949283e-01 5.0000941e-01 0.0000000e+00
1.3127088e-01 5.2288451e-01 0.0000000e+00
1.1286264e-01 5.4560968e-01 0.0000000e+00
9.3982254e-02 5.6794301e-01 0.0000000e+00
7.4169748e-02 5.8944960e-01 0.0000000e+00
5.2655334e-02 6.0923614e-01 0.0000000e+00
2.8187204e-02 6.2513067e-01 0.0000000e+00
3.8696218e-17 -6.3195721e-01 0.0000000e+00
2.8187204e-02 -6.2513067e-01 0.0000000e+00
5.2655334e-02 -6.0923614e-01 0.0000000e+00
7.4169748e-02 -5.8944960e-01 0.0000000e+00
9.3982254e-02 -5.6794301e-01 0.0000000e+00
1.1286264e-01 -5.4560968e-01 0.0000000e+00
1.3127088e-01 -5.2288451e-01 0.0000000e+00
1.4949283e-01 -5.0000941e-01 0.0000000e+00
1.6771609e-01 -4.7713533e-01 0.0000000e+00
1.8606865e-01 -4.5436495e-01 0.0000000e+00
2.0464169e-01 -4.3177414e-01 0.0000000e+00
2.2349763e-01 -4.0941900e-01 0.0000000e+00
2.4268125e-01 -3.8734449e-01 0.0000000e+00
2.6222146e-01 -3.6558507e-01 0.0000000e+00
2.8213616e-01 -3.4416790e-01 0.0000000e+00
3.0243328e-01 -3.2311284e-01 0.0000000e+00
3.2311284e-01 -3.0243328e-01 0.0000000e+00
3.4416790e-01 -2.8213616e-01 0.0000000e+00
3.6558507e-01 -2.6222146e-01 0.0000000e+00
3.8734449e-01 -2.4268125e-01 0.0000000e+00
4.0941900e-01 -2.2349763e-01 0.0000000e+00
4.3177414e-01 -2.0464169e-01 0.0000000e+00
4.5436495e-01 -1.8606865e-01 0.0000000e+00
4.7713533e-01 -1.6771609e-01 0.0000000e+00
5.0000941e-01 -1.4949283e-01 0.0000000e+00
5.2288451e-01 -1.3127088e-01 0.0000000e+00
5.4560968e-01 -1.1286264e-01 0.0000000e+00
5.6794301e-01 -9.3982254e-02 0.0000000e+00
5.8944960e-01 -7.4169748e-02 0.0000000e+00
6.0923614e-01 -5.2655334e-02 0.0000000e+00
6.2513067e-01 -2.8187204e-02 0.0000000e+00
-6.3195721e-01 -7.7392437e-17 0.0000000e+00
-6.2513067e-01 -2.8187204e-02 0.0000000e+00
-6.0923614e-01 -5.2655334e-02 0.0000000e+00
-5.8944960e-01 -7.4169748e-02 0.0000000e+00
-5.6794301e-01 -9.3982254e-02 0.0000000e+00
-5.4560968e-01 -1.1286264e-01 0.0000000e+00
-5.2288451e-01 -1.3127088e-01 0.0000000e+00
-5.0000941e-01 -1.4949283e-01 0.0000000e+00
-4.7713533e-01 -1.6771609e-01 0.0000000e+00
-4.5436495e-01 -1.8606865e-01 0.0000000e+00
-4.3177414e-01 -2.0464169e-01 0.0000000e+00
-4.0941900e-01 -2.2349763e-01 0.0000000e+00
-3.8734449e-01 -2.4268125e-01 0.0000000e+00
-3.6558507e-01 -2.6222146e-01 0.0000000e+00
-3.4416790e-01 -2.8213616e-01 0.0000000e+00
-3.2311284e-01 -3.0243328e-01 0.0000000e+00
-3.0243328e-01 -3.2311284e-01 0.0000000e+00
-2.8213616e-01 -3.4416790e-01 0.0000000e+00
-2.6222146e-01 -3.6558507e-01 0.0000000e+00
-2.4268125e-01 -3.8734449e-01 0.0000000e+00
-2.2349763e-01 -4.0941900e-01 0.0000000e+00
-2.0464169e-01 -4.3177414e-01 0.0000000e+00
-1.8606865e-01 -4.5436495e-01 0.0000000e+00
-1.6771609e-01 -4.7713533e-01 0.0000000e+00
-1.4949283e-01 -5.0000941e-01 0.0000000e+00
-1.3127088e-01 -5.2288451e-01 0.0000000e+00
-1.1286264e-01 -5.4560968e-01 0.0000000e+00
-9.3982254e-02 -5.6794301e-01 0.0000000e+00
-7.4169748e-02 -5.8944960e-01 0.0000000e+00
-5.2655334e-02 -6.0923614e-01 0.0000000e+00
-2.8187204e-02 -6.2513067e-01 0.0000000e+00
-1.1608866e-16 6.3195721e-01 0.0000000e+00
-2.8187204e-02 6.2513067e-01 0.0000000e+00
-5.2655334e-02 6.0923614e-01 0.0000000e+00
-7.4169748e-02 5.8944960e-01 0.0000000e+00
-9.3982254e-02 5.6794301e-01 0.0000000e+00
-1.1286264e-01 5.4560968e-01 0.0000000e+00
-1.3127088e-01 5.2288451e-01 0.0000000e+00
-1.4949283e-01 5.0000941e-01 0.0000000e+00
-1.6771609e-01 4.7713533e-01 0.0000000e+00
-1.8606865e-01 4.5436495e-01 0.0000000e+00
-2.0464169e-01 4.3177414e-01 0.0000000e+00
-2.2349763e-01 4.0941900e-01 0.0000000e+00
-2.4268125e-01 3.8734449e-01 0.0000000e+00
-2.6222146e-01 3.6558507e-01 0.0000000e+00
-2.8213616e-01 3.4416790e-01 0.0000000e+00
-3.0243328e-01 3.2311284e-01 0.0000000e+00
-3.2311284e-01 3.0243328e-01 0.0000000e+00
-3.4416790e-01 2.8213616e-01 0.0000000e+00
-3.6558507e-01 2.6222146e-01 0.0000000e+00
-3.8734449e-01 2.4268125e-01 0.0000000e+00
-4.0941900e-01 2.2349763e-01 0.0000000e+00
-4.3177414e-01 2.0464169e-01 0.0000000e+00
-4.5436495e-01 1.8606865e-01 0.0000000e+00
-4.7713533e-01 1.6771609e-01 0.0000000e+00
-5.0000941e-01 1.4949283e-01 0.0000000e+00
-5.2288451e-01 1.3127088e-01 0.0000000e+00
-5.4560968e-01 1.1286264e-01 0.0000000e+00
-5.6794301e-01 9.3982254e-02 0.0000000e+00
-5.8944960e-01 7.4169748e-02 0.0000000e+00
-6.0923614e-01 5.2655334e-02 0.0000000e+00
-6.2513067e-01 2.8187204e-02 0.0000000e+00
6.3012730e-01 0.0000000e+00 7.9333148e-02
6.2338592e-01 2.8124616e-02 7.9333148e-02
6.0764920e-01 5.2593090e-02 7.9333148e-02
5.8802232e-01 7.4137212e-02 7.9333148e-02
5.6666933e-01 9.3989126e-02 7.9333148e-02
5.4448495e-01 1.1291211e-01 7.9333148e-02
5.2190378e-01 1.3136116e-01 7.9333148e-02
4.9916742e-01 1.4961898e-01 7.9333148e-02
4.7642630e-01 1.6787089e-01 7.9333148e-02
4.5378354e-01 1.8624460e-01 7.9333148e-02
4.3131258e-01 2.0482792e-01 7.9333148e-02
4.0906967e-01 2.2368351e-01 7.9333148e-02
3.8709901e-01 2.4285554e-01 7.9333148e-02
3.6543332e-01 2.6237147e-01 7.9333148e-02
3.4409962e-01 2.8224974e-01 7.9333148e-02
3.2311693e-01 3.0249812e-01 7.9333148e-02
3.0249812e-01 3.2311693e-01 7.9333148e-02
2.8224974e-01 3.4409962e-01 7.9333148e-02
2.6237147e-01 3.6543332e-01 7.9333148e-02
2.4285554e-01 3.8709901e-01 7.9333148e-02
2.2368351e-01 4.0906967e-01 7.9333148e-02
2.0482792e-01 4.3131258e-01 7.9333148e-02
1.8624460e-01 4.5378354e-01 7.9333148e-02
1.6787089e-01 4.7642630e-01 7.9333148e-02
1.4961898e-01 4.9916742e-01 7.9333148e-02
1.3136116e-01 5.2190378e-01 7.9333148e-02
1.1291211e-01 5.4448495e-01 7.9333148e-02
9.3989126e-02 5.6666933e-01 7.9333148e-02
7.4137212e-02 5.8802232e-01 7.9333148e-02
5.2593090e-02 6.0764920e-01 7.9333148e-02
2.8124616e-02 6.2338592e-01 7.9333148e-02
3.8584169e-17 -6.3012730e-01 7.9333148e-02
2.8124616e-02 -6.2338592e-01 7.9333148e-02
5.2593090e-02 -6.0764920e-01 7.9333148e-02
7.4137212e-02 -5.8802232e-01 7.9333148e-02
9.3989126e-02 -5.6666933e-01 7.9333148e-02
1.1291211e-01 -5.4448495e-01 7.9333148e-02
1.3136116e-01 -5.2190378e-01 7.9333148e-02
1.4961898e-01 -4.9916742e-01 7.9333148e-02
1.6787089e-01 -4.7642630e-01 7.9333148e-02
1.8624460e-01 -4.5378354e-01 7.9333148e-02
2.0482792e-01 -4.3131258e-01 7.9333148e-02
2.2368351e-01 -4.0906967e-01 7.9333148e-02
2.4285554e-01 -3.8709901e-01 7.9333148e-02
2.6237147e-01 -3.6543332e-01 7.9333148e-02
2.8224974e-01 -3.4409962e-01 7.9333148e-02
3.0249812e-01 -3.2311693e-01 7.9333148e-02
3.2311693e-01 -3.0249812e-01 7.9333148e-02
3.4409962e-01 -2.8224974e-01 7.9333148e-02
3.6543332e-01 -2.6237147e-01 7.9333148e-02
3.8709901e-01 -2.4285554e-01 7.9333148e-02
4.0906967e-01 -2.2368351e-01 7.9333148e-02
4.3131258e-01 -2.0482792e-01 7.9333148e-02
4.5378354e-01 -1.8624460e-01 7.9333148e-02
4.7642630e-01 -1.6787089e-01 7.9333148e-02
4.9916742e-01 -1.4961898e-01 7.9333148e-02
5.2190378e-01 -1.3136116e-01 7.9333148e-02
5.4448495e-01 -1.1291211e-01 7.9333148e-02
5.6666933e-01 -9.3989126e-02 7.9333148e-02
5.8802232e-01 -7.4137212e-02 7.9333148e-02
6.0764920e-01 -5.2593090e-02 7.9333148e-02
6.2338592e-01 -2.8124616e-02 7.9333148e-02
-6.3012730e-01 -7.7168339e-17 7.9333148e-02
-6.2338592e-01 -2.8124616e-02 7.9333148e-02
-6.0764920e-01 -5.2593090e-02 7.9333148e-02
-5.8802232e-01 -7.4137212e-02 7.9333148e-02
-5.6666933e-01 -9.3989126e-02 7.9333148e-02
-5.4448495e-01 -1.1291211e-01 7.9333148e-02
-5.2190378e-01 -1.3136116e-01 7.9333148e-02
-4.9916742e-01 -1.4961898e-01 7.9333148e-02
-4.7642630e-01 -1.6787089e-01 7.9333148e-02
-4.5378354e-01 -1.8624460e-01 7.9333148e-02
-4.3131258e-01 -2.0482792e-01 7.9333148e-02
-4.0906967e-01 -2.2368351e-01 7.9333148e-02
-3.8709901e-01 -2.4285554e-01 7.9333148e-02
-3.6543332e-01 -2.6237147e-01 7.9333148e-02
-3.4409962e-01 -2.8224974e-01 7.9333148e-02
-3.2311693e-01 -3.0249812e-01 7.9333148e-02
-3.0249812e-01 -3.2311693e-01 7.9333148e-02
-2.8224974e-01 -3.4409962e-01 7.9333148e-02
-2.6237147e-01 -3.6543332e-01 7.9333148e-02
-2.4285554e-01 -3.8709901e-01 7.9333148e-02
-2.2368351e-01 -4.0906967e-01 7.9333148e-02
-2.0482792e-01 -4.3131258e-01 7.9333148e-02
-1.8624460e-01 -4.5378354e-01 7.9333148e-02
-1.6787089e-01 -4.7642630e-01 7.9333148e-02
-1.4961898e-01 -4.9916742e-01 7.9333148e-02
-1.3136116e-01 -5.2190378e-01 7.9333148e-02
-1.1291211e-01 -5.4448495e-01 7.9333148e-02
-9.3989126e-02 -5.6666933e-01 7.9333148e-02
-7.4137212e-02 -5.8802232e-01 7.9333148e-02
-5.2593090e-02 -6.0764920e-01 7.9333148e-02
-2.8124616e-02 -6.2338592e-01 7.9333148e-02
-1.1575251e-16 6.3012730e-01 7.9333148e-02
-2.8124616e-02 6.2338592e-01 7.9333148e-02
-5.2593090e-02 6.0764920e-01 7.9333148e-02
-7.4137212e-02 5.8802232e-01 7.9333148e-02
-9.3989126e-02 5.6666933e-01 7.9333148e-02
-1.1291211e-01 5.4448495e-01 7.9333148e-02
-1.3136116e-01 5.2190378e-01 7.9333148e-02
-1.4961898e-01 4.9916742e-01 7.9333148e-02
-1.6787089e-01 4.7642630e-01 7.9333148e-02
-1.8624460e-01 4.5378354e-01 7.9333148e-02
-2.0482792e-01 4.3131258e-01 7.9333148e-02
-2.2368351e-01 4.0906967e-01 7.9333148e-02
-2.4285554e-01 3.8709901e-01 7.9333148e-02
-2.6237147e-01 3.6543332e-01 7.9333148e-02
-2.8224974e-01 3.4409962e-01 7.9333148e-02
-3.0249812e-01 3.2311693e-01 7.9333148e-02
-3.2311693e-01 3.0249812e-01 7.9333148e-02
-3.4409962e-01 2.8224974e-01 7.9333148e-02
-3.6543332e-01 2.6237147e-01 7.9333148e-02
-3.8709901e-01 2.4285554e-01 7.9333148e-02
-4.0906967e-01 2.2368351e-01 7.9333148e-02
-4.3131258e-01 2.0482792e-01 7.9333148e-02
-4.5378354e-01 1.8624460e-01 7.9333148e-02
-4.7642630e-01 1.6787089e-01 7.9333148e-02
-4.9916742e-01 1.4961898e-01 7.9333148e-02
-5.2190378e-01 1.3136116e-01 7.9333148e-02
-5.4448495e-01 1.1291211e-01 7.9333148e-02
-5.6666933e-01 9.3989126e-02 7.9333148e-02
-5.8802232e-01 7.4137212e-02 7.9333148e-02
-6.0764920e-01 5.2593090e-02 7.9333148e-02
-6.2338592e-01 2.8124616e-02 7.9333148e-02
6.2514508e-01 0.0000000e+00 1.5866630e-01
6.1823662e-01 2.8832113e-02 1.5866630e-01
6.0214717e-01 5.3944299e-02 1.5866630e-01
5.8211767e-01 7.6112235e-02 1.5866630e-01
5.6035553e-01 9.6598851e-02 1.5866630e-01
5.3776760e-01 1.1617581e-01 1.5866630e-01
5.1479120e-01 1.3529669e-01 1.5866630e-01
4.9167192e-01 1.5424488e-01 1.5866630e-01
4.6855831e-01 1.7319999e-01 1.5866630e-01
4.4555404e-01 1.9228757e-01 1.5866630e-01
4.2273195e-01 2.1159250e-01 1.5866630e-01
4.0014645e-01 2.3117359e-01 1.5866630e-01
3.7783871e-01 2.5107047e-01 1.5866630e-01
3.5584041e-01 2.7130888e-01 1.5866630e-01
3.3417507e-01 2.9190330e-01 1.5866630e-01
3.1285972e-01 3.1285972e-01 1.5866630e-01
2.9190330e-01 3.3417507e-01 1.5866630e-01
2.7130888e-01 3.5584041e-01 1.5866630e-01
2.5107047e-01 3.7783871e-01 1.5866630e-01
2.3117359e-01 4.0014645e-01 1.5866630e-01
2.1159250e-01 4.2273195e-01 1.5866630e-01
1.9228757e-01 4.4555404e-01 1.5866630e-01
1.7319999e-01 4.6855831e-01 1.5866630e-01
1.5424488e-01 4.9167192e-01 1.5866630e-01
1.3529669e-01 5.1479120e-01 1.5866630e-01
1.1617581e-01 5.3776760e-01 1.5866630e-01
9.6598851e-02 5.6035553e-01 1.5866630e-01
7.6112235e-02 5.8211767e-01 1.5866630e-01
5.3944299e-02 6.0214717e-01 1.5866630e-01
2.8832113e-02 6.1823662e-01 1.5866630e-01
3.8279096e-17 -6.2514508e-01 1.5866630e-01
2.8832113e-02 -6.1823662e-01 1.5866630e-01
5.3944299e-02 -6.0214717e-01 1.5866630e-01
7.6112235e-02 -5.8211767e-01 1.5866630e-01
9.6598851e-02 -5.6035553e-01 1.5866630e-01
1.1617581e-01 -5.3776760e-01 1.5866630e-01
1.3529669e-01 -5.1479120e-01 1.5866630e-01
1.5424488e-01 -4.9167192e-01 1.5866630e-01
1.7319999e-01 -4.6855831e-01 1.5866630e-01
1.9228757e-01 -4.4555404e-01 1.5866630e-01
2.1159250e-01 -4.2273195e-01 1.5866630e-01
2.3117359e-01 -4.0014645e-01 1.5866630e-01
2.5107047e-01 -3.7783871e-01 1.5866630e-01
2.7130888e-01 -3.5584041e-01 1.5866630e-01
2.9190330e-01 -3.3417507e-01 1.5866630e-01
3.1285972e-01 -3.1285972e-01 1.5866630e-01
3.3417507e-01 -2.9190330e-01 1.5866630e-01
3.5584041e-01 -2.7130888e-01 1.5866630e-01
3.7783871e-01 -2.5107047e-01 1.5866630e-01
4.0014645e-01 -2.3117359e-01 1.5866630e-01
4.2273195e-01 -2.1159250e-01 1.5866630e-01
4.4555404e-01 -1.9228757e-01 1.5866630e-01
4.6855831e-01 -1.7319999e-01 1.5866630e-01
4.9167192e-01 -1.5424488e-01 1.5866630e-01
5.1479120e-01 -1.3529669e-01 1.5866630e-01
5.3776760e-01 -1.1617581e-01 1.5866630e-01
5.6035553e-01 -9.6598851e-02 1.5866630e-01
5.8211767e-01 -7.6112235e-02 1.5866630e-01
6.0214717e-01 -5.3944299e-02 1.5866630e-01
6.1823662e-01 -2.8832113e-02 1.5866630e-01
-6.2514508e-01 -7.6558192e-17 1.5866630e-01
-6.1823662e-01 -2.8832113e-02 1.5866630e-01
-6.0214717e-01 -5.3944299e-02 1.5866630e-01
-5.8211767e-01 -7.6112235e-02 1.5866630e-01
-5.6035553e-01 -9.6598851e-02 1.5866630e-01
-5.3776760e-01 -1.1617581e-01 1.5866630e-01
-5.1479120e-01 -1.3529669e-01 1.5866630e-01
-4.9167192e-01 -1.5424488e-01 1.5866630e-01
-4.6855831e-01 -1.7319999e-01 1.5866630e-01
-4.4555404e-01 -1.9228757e-01 1.5866630e-01
-4.2273195e-01 -2.1159250e-01 1.5866630e-01
-4.0014645e-01 -2.3117359e-01 1.5866630e-01
-3.7783871e-01 -2.5107047e-01 1.5866630e-01
-3.5584041e-01 -2.7130888e-01 1.5866630e-01
-3.3417507e-01 -2.9190330e-01 1.5866630e-01
-3.1285972e-01 -3.1285972e-01 1.5866630e-01
-2.9190330e-01 -3.3417507e-01 1.5866630e-01
-2.7130888e-01 -3.5584041e-01 1.5866630e-01
-2.5107047e-01 -3.7783871e-01 1.5866630e-01
-2.3117359e-01 -4.0014645e-01 1.5866630e-01
-2.1159250e-01 -4.2273195e-01 1.5866630e-01
-1.9228757e-01 -4.4555404e-01 1.5866630e-01
-1.7319999e-01 -4.6855831e-01 1.5866630e-01
-1.5424488e-01 -4.9167192e-01 1.5866630e-01
-1.3529669e-01 -5.1479120e-01 1.5866630e-01
-1.1617581e-01 -5.3776760e-01 1.5866630e-01
-9.6598851e-02 -5.6035553e-01 1.5866630e-01
-7.6112235e-02 -5.8211767e-01 1.5866630e-01
-5.3944299e-02 -6.0214717e-01 1.5866630e-01
-2.8832113e-02 -6.1823662e-01 1.5866630e-01
-1.1483729e-16 6.2514508e-01 1.5866630e-01
-2.8832113e-02 6.1823662e-01 1.5866630e-01
-5.3944299e-02 6.0214717e-01 1.5866630e-01
-7.6112235e-02 5.8211767e-01 1.5866630e-01
-9.6598851e-02 5.6035553e-01 1.5866630e-01
-1.1617581e-01 5.3776760e-01 1.5866630e-01
-1.3529669e-01 5.1479120e-01 1.5866630e-01
-1.5424488e-01 4.9167192e-01 1.5866630e-01
-1.7319999e-01 4.6855831e-01 1.5866630e-01
-1.9228757e-01 4.4555404e-01 1.5866630e-01
-2.1159250e-01 4.2273195e-01 1.5866630e-01
-2.3117359e-01 4.0014645e-01 1.5866630e-01
-2.5107047e-01 3.7783871e-01 1.5866630e-01
-2.7130888e-01 3.5584041e-01 1.5866630e-01
-2.9190330e-01 3.3417507e-01 1.5866630e-01
-3.1285972e-01 3.1285972e-01 1.5866630e-01
-3.3417507e-01 2.9190330e-01 1.5866630e-01
-3.5584041e-01 2.7130888e-01 1.5866630e-01
-3.7783871e-01 2.5107047e-01 1.5866630e-01
-4.0014645e-01 2.3117359e-01 1.5866630e-01
-4.2273195e-01 2.1159250e-01 1.5866630e-01
-4.4555404e-01 1.9228757e-01 1.5866630e-01
-4.6855831e-01 1.7319999e-01 1.5866630e-01
-4.9167192e-01 1.5424488e-01 1.5866630e-01
-5.1479120e-01 1.3529669e-01 1.5866630e-01
-5.3776760e-01 1.1617581e-01 1.5866630e-01
-5.6035553e-01 9.6598851e-02 1.5866630e-01
-5.8211767e-01 7.6112235e-02 1.5866630e-01
-6.0214717e-01 5.3944299e-02 1.5866630e-01
-6.1823662e-01 2.8832113e-02 1.5866630e-01
6.1840332e-01 0.0000000e+00 2.3799944e-01
6.1184076e-01 2.8606220e-02 2.3799944e-01
5.9637928e-01 5.3738347e-02 2.3799944e-01
5.7697607e-01 7.6034709e-02 2.3799944e-01
5.5581047e-01 9.6681835e-02 2.3799944e-01
5.3379043e-01 1.1641977e-01 2.3799944e-01
5.1135841e-01 1.3568952e-01 2.3799944e-01
4.8875805e-01 1.5476191e-01 2.3799944e-01
4.6613946e-01 1.7381273e-01 2.3799944e-01
4.4360398e-01 1.9296173e-01 2.3799944e-01
4.2121992e-01 2.1228743e-01 2.3799944e-01
3.9903959e-01 2.3184654e-01 2.3799944e-01
3.7710217e-01 2.5167765e-01 2.3799944e-01
3.5543548e-01 2.7180414e-01 2.3799944e-01
3.3406130e-01 2.9224098e-01 2.3799944e-01
3.1299384e-01 3.1299384e-01 2.3799944e-01
2.9224098e-01 3.3406130e-01 2.3799944e-01
2.7180414e-01 3.5543548e-01 2.3799944e-01
2.5167765e-01 3.7710217e-01 2.3799944e-01
2.3184654e-01 3.9903959e-01 2.3799944e-01
2.1228743e-01 4.2121992e-01 2.3799944e-01
1.9296173e-01 4.4360398e-01 2.3799944e-01
1.7381273e-01 4.6613946e-01 2.3799944e-01
1.5476191e-01 4.8875805e-01 2.3799944e-01
1.3568952e-01 5.1135841e-01 2.3799944e-01
1.1641977e-01 5.3379043e-01 2.3799944e-01
9.6681835e-02 5.5581047e-01 2.3799944e-01
7.6034709e-02 5.7697607e-01 2.3799944e-01
5.3738347e-02 5.9637928e-01 2.3799944e-01
2.8606220e-02 6.1184076e-01 2.3799944e-01
3.7866283e-17 -6.1840332e-01 2.3799944e-01
2.8606220e-02 -6.1184076e-01 2.3799944e-01
5.3738347e-02 -5.9637928e-01 2.3799944e-01
7.6034709e-02 -5.7697607e-01 2.3799944e-01
9.6681835e-02 -5.5581047e-01 2.3799944e-01
1.1641977e-01 -5.3379043e-01 2.3799944e-01
1.3568952e-01 -5.1135841e-01 2.3799944e-01
1.5476191e-01 -4.8875805e-01 2.3799944e-01
1.7381273e-01 -4.6613946e-01 2.3799944e-01
1.9296173e-01 -4.4360398e-01 2.3799944e-01
2.1228743e-01 -4.2121992e-01 2.3799944e-01
2.3184654e-01 -3.9903959e-01 2.3799944e-01
2.5167765e-01 -3.7710217e-01 2.3799944e-01
2.7180414e-01 -3.5543548e-01 2.3799944e-01
2.9224098e-01 -3.3406130e-01 2.3799944e-01
3.1299384e-01 -3.1299384e-01 2.3799944e-01
3.3406130e-01 -2.9224098e-01 2.3799944e-01
3.5543548e-01 -2.7180414e-01 2.3799944e-01
3.7710217e-01 -2.5167765e-01 2.3799944e-01
3.9903959e-01 -2.3184654e-01 2.3799944e-01
4.2121992e-01 -2.1228743e-01 2.3799944e-01
4.4360398e-01 -1.9296173e-01 2.3799944e-01
4.6613946e-01 -1.7381273e-01 2.3799944e-01
4.8875805e-01 -1.5476191e-01 2.3799944e-01
5.1135841e-01 -1.3568952e-01 2.3799944e-01
5.3379043e-01 -1.1641977e-01 2.3799944e-01
5.5581047e-01 -9.6681835e-02 2.3799944e-01
5.7697607e-01 -7.6034709e-02 2.3799944e-01
5.9637928e-01 -5.3738347e-02 2.3799944e-01
6.1184076e-01 -2.8606220e-02 2.3799944e-01
-6.1840332e-01 -7.5732565e-17 2.3799944e-01
-6.1184076e-01 -2.8606220e-02 2.3799944e-01
-5.9637928e-01 -5.3738347e-02 2.3799944e-01
-5.7697607e-01 -7.6034709e-02 2.3799944e-01
-5.5581047e-01 -9.6681835e-02 2.3799944e-01
-5.3379043e-01 -1.1641977e-01 2.3799944e-01
-5.1135841e-01 -1.3568952e-01 2.3799944e-01
-4.8875805e-01 -1.5476191e-01 2.3799944e-01
-4.6613946e-01 -1.7381273e-01 2.3799944e-01
-4.4360398e-01 -1.9296173e-01 2.3799944e-01
-4.2121992e-01 -2.1228743e-01 2.3799944e-01
-3.9903959e-01 -2.3184654e-01 2.3799944e-01
-3.7710217e-01 -2.5167765e-01 2.3799944e-01
-3.5543548e-01 -2.7180414e-01 2.3799944e-01
-3.3406130e-01 -2.9224098e-01 2.3799944e-01
-3.1299384e-01 -3.1299384e-01 2.3799944e-01
-2.9224098e-01 -3.3406130e-01 2.3799944e-01
-2.7180414e-01 -3.5543548e-01 2.3799944e-01
-2.5167765e-01 -3.7710217e-01 2.3799944e-01
-2.3184654e-01 -3.9903959e-01 2.3799944e-01
-2.1228743e-01 -4.2121992e-01 2.3799944e-01
-1.9296173e-01 -4.4360398e-01 2.3799944e-01
-1.7381273e-01 -4.6613946e-01 2.3799944e-01
-1.5476191e-01 -4.8875805e-01 2.3799944e-01
-1.3568952e-01 -5.1135841e-01 2.3799944e-01
-1.1641977e-01 -5.3379043e-01 2.3799944e-01
-9.6681835e-02 -5.5581047e-01 2.3799944e-01
-7.6034709e-02 -5.7697607e-01 2.3799944e-01
-5.3738347e-02 -5.9637928e-01 2.3799944e-01
-2.8606220e-02 -6.1184076e-01 2.3799944e-01
-1.1359885e-16 6.1840332e-01 2.3799944e-01
-2.8606220e-02 6.1184076e-01 2.3799944e-01
-5.3738347e-02 5.9637928e-01 2.3799944e-01
-7.6034709e-02 5.7697607e-01 2.3799944e-01
-9.6681835e-02 5.5581047e-01 2.3799944e-01
-1.1641977e-01 5.3379043e-01 2.3799944e-01
-1.3568952e-01 5.1135841e-01 2.3799944e-01
-1.5476191e-01 4.8875805e-01 2.3799944e-01
-1.7381273e-01 4.6613946e-01 2.3799944e-01
-1.9296173e-01 4.4360398e-01 2.3799944e-01
-2.1228743e-01 4.2121992e-01 2.3799944e-01
-2.3184654e-01 3.9903959e-01 2.3799944e-01
-2.5167765e-01 3.7710217e-01 2.3799944e-01
-2.7180414e-01 3.5543548e-01 2.3799944e-01
-2.9224098e-01 3.3406130e-01 2.3799944e-01
-3.1299384e-01 3.1299384e-01 2.3799944e-01
-3.3406130e-01 2.9224098e-01 2.3799944e-01
-3.5543548e-01 2.7180414e-01 2.3799944e-01
-3.7710217e-01 2.5167765e-01 2.3799944e-01
-3.9903959e-01 2.3184654e-01 2.3799944e-01
-4.2121992e-01 2.1228743e-01 2.3799944e-01
-4.4360398e-01 1.9296173e-01 2.3799944e-01
-4.6613946e-01 1.7381273e-01 2.3799944e-01
-4.8875805e-01 1.5476191e-01 2.3799944e-01
-5.1135841e-01 1.3568952e-01 2.3799944e-01
-5.3379043e-01 1.1641977e-01 2.3799944e-01
-5.5581047e-01 9.6681835e-02 2.3799944e-01
-5.7697607e-01 7.6034709e-02 2.3799944e-01
-5.9637928e-01 5.3738347e-02 2.3799944e-01
-6.1184076e-01 2.8606220e-02 2.3799944e-01
6.1176361e-01 0.0000000e+00 3.1733259e-01
6.0554529e-01 2.8386700e-02 3.1733259e-01
5.9071683e-01 5.3541577e-02 3.1733259e-01
5.7194639e-01 7.5971228e-02 3.1733259e-01
5.5137663e-01 9.6779096e-02 3.1733259e-01
5.2992051e-01 1.1667631e-01 3.1733259e-01
5.0802483e-01 1.3609012e-01 3.1733259e-01
4.8593450e-01 1.5528258e-01 3.1733259e-01
4.6380068e-01 1.7442493e-01 3.1733259e-01
4.4171989e-01 1.9362841e-01 3.1733259e-01
4.1976170e-01 2.1297188e-01 3.1733259e-01
3.9797458e-01 2.3250777e-01 3.1733259e-01
3.7639485e-01 2.5227246e-01 3.1733259e-01
3.5504875e-01 2.7228922e-01 3.1733259e-01
3.3395564e-01 2.9257236e-01 3.1733259e-01
3.1312797e-01 3.1312797e-01 3.1733259e-01
2.9257236e-01 3.3395564e-01 3.1733259e-01
2.7228922e-01 3.5504875e-01 3.1733259e-01
2.5227246e-01 3.7639485e-01 3.1733259e-01
2.3250777e-01 3.9797458e-01 3.1733259e-01
2.1297188e-01 4.1976170e-01 3.1733259e-01
1.9362841e-01 4.4171989e-01 3.1733259e-01
1.7442493e-01 4.6380068e-01 3.1733259e-01
1.5528258e-01 4.8593450e-01 3.1733259e-01
1.3609012e-01 5.0802483e-01 3.1733259e-01
1.1667631e-01 5.2992051e-01 3.1733259e-01
9.6779096e-02 5.5137663e-01 3.1733259e-01
7.5971228e-02 5.7194639e-01 3.1733259e-01
5.3541577e-02 5.9071683e-01 3.1733259e-01
2.8386700e-02 6.0554529e-01 3.1733259e-01
3.7459717e-17 -6.1176361e-01 3.1733259e-01
2.8386700e-02 -6.0554529e-01 3.1733259e-01
5.3541577e-02 -5.9071683e-01 3.1733259e-01
7.5971228e-02 -5.7194639e-01 3.1733259e-01
9.6779096e-02 -5.5137663e-01 3.1733259e-01
1.1667631e-01 -5.2992051e-01 3.1733259e-01
1.3609012e-01 -5.0802483e-01 3.1733259e-01
1.5528258e-01 -4.8593450e-01 3.1733259e-01
1.7442493e-01 -4.6380068e-01 3.1733259e-01
1.9362841e-01 -4.4171989e-01 3.1733259e-01
2.1297188e-01 -4.1976170e-01 3.1733259e-01
2.3250777e-01 -3.9797458e-01 3.1733259e-01
2.5227246e-01 -3.7639485e-01 3.1733259e-01
2.7228922e-01 -3.5504875e-01 3.1733259e-01
2.9257236e-01 -3.3395564e-01 3.1733259e-01
3.1312797e-01 -3.1312797e-01 3.1733259e-01
3.3395564e-01 -2.9257236e-01 3.1733259e-01
3.5504875e-01 -2.7228922e-01 3.1733259e-01
3.7639485e-01 -2.5227246e-01 3.1733259e-01
3.9797458e-01 -2.3250777e-01 3.1733259e-01
4.1976170e-01 -2.1297188e-01 3.1733259e-01
4.4171989e-01 -1.9362841e-01 3.1733259e-01
4.6380068e-01 -1.7442493e-01 3.1733259e-01
4.8593450e-01 -1.5528258e-01 3.1733259e-01
5.0802483e-01 -1.3609012e-01 3.1733259e-01
5.2992051e-01 -1.1667631e-01 3.1733259e-01
5.5137663e-01 -9.6779096e-02 3.1733259e-01
5.7194639e-01 -7.5971228e-02 3.1733259e-01
5.9071683e-01 -5.3541577e-02 3.1733259e-01
6.0554529e-01 -2.8386700e-02 3.1733259e-01
-6.1176361e-01 -7.4919435e-17 3.1733259e-01
-6.0554529e-01 -2.8386700e-02 3.1733259e-01
-5.9071683e-01 -5.3541577e-02 3.1733259e-01
-5.7194639e-01 -7.5971228e-02 3.1733259e-01
-5.5137663e-01 -9.6779096e-02 3.1733259e-01
-5.2992051e-01 -1.1667631e-01 3.1733259e-01
-5.0802483e-01 -1.3609012e-01 3.1733259e-01
-4.8593450e-01 -1.5528258e-01 3.1733259e-01
-4.6380068e-01 -1.7442493e-01 3.1733259e-01
-4.4171989e-01 -1.9362841e-01 3.1733259e-01
-4.1976170e-01 -2.1297188e-01 3.1733259e-01
-3.9797458e-01 -2.3250777e-01 3.1733259e-01
-3.7639485e-01 -2.5227246e-01 3.1733259e-01
-3.5504875e-01 -2.7228922e-01 3.1733259e-01
-3.3395564e-01 -2.9257236e-01 3.1733259e-01
-3.1312797e-01 -3.1312797e-01 3.1733259e-01
-2.9257236e-01 -3.3395564e-01 3.1733259e-01
-2.7228922e-01 -3.5504875e-01 3.1733259e-01
-2.5227246e-01 -3.7639485e-01 3.1733259e-01
-2.3250777e-01 -3.9797458e-01 3.1733259e-01
-2.1297188e-01 -4.1976170e-01 3.1733259e-01
-1.9362841e-01 -4.4171989e-01 3.1733259e-01
-1.7442493e-01 -4.6380068e-01 3.1733259e-01
-1.5528258e-01 -4.8593450e-01 3.1733259e-01
-1.3609012e-01 -5.0802483e-01 3.1733259e-01
-1.1667631e-01 -5.2992051e-01 3.1733259e-01
-9.6779096e-02 -5.5137663e-01 3.1733259e-01
-7.5971228e-02 -5.7194639e-01 3.1733259e-01
-5.3541577e-02 -5.9071683e-01 3.1733259e-01
-2.8386700e-02 -6.0554529e-01 3.1733259e-01
-1.1237915e-16 6.1176361e-01 3.1733259e-01
-2.8386700e-02 6.0554529e-01 3.1733259e-01
-5.3541577e-02 5.9071683e-01 3.1733259e-01
-7.5971228e-02 5.7194639e-01 3.1733259e-01
-9.6779096e-02 5.5137663e-01 3.1733259e-01
-1.1667631e-01 5.2992051e-01 3.1733259e-01
-1.3609012e-01 5.0802483e-01 3.1733259e-01
-1.5528258e-01 4.8593450e-01 3.1733259e-01
-1.7442493e-01 4.6380068e-01 3.1733259e-01
-1.9362841e-01 4.4171989e-01 3.1733259e-01
-2.1297188e-01 4.1976170e-01 3.1733259e-01
-2.3250777e-01 3.9797458e-01 3.1733259e-01
-2.5227246e-01 3.7639485e-01 3.1733259e-01
-2.7228922e-01 3.5504875e-01 3.1733259e-01
-2.9257236e-01 3.3395564e-01 3.1733259e-01
-3.1312797e-01 3.1312797e-01 3.1733259e-01
-3.3395564e-01 2.9257236e-01 3.1733259e-01
-3.5504875e-01 2.7228922e-01 3.1733259e-01
-3.7639485e-01 2.5227246e-01 3.1733259e-01
-3.9797458e-01 2.3250777e-01 3.1733259e-01
-4.1976170e-01 2.1297188e-01 3.1733259e-01
-4.4171989e-01 1.9362841e-01 3.1733259e-01
-4.6380068e-01 1.7442493e-01 3.1733259e-01
-4.8593450e-01 1.5528258e-01 3.1733259e-01
-5.0802483e-01 1.3609012e-01 3.1733259e-01
-5.2992051e-01 1.1667631e-01 3.1733259e-01
-5.5137663e-01 9.6779096e-02 3.1733259e-01
-5.7194639e-01 7.5971228e-02 3.1733259e-01
-5.9071683e-01 5.3541577e-02 3.1733259e-01
-6.0554529e-01 2.8386700e-02 3.1733259e-01
6.0698320e-01 0.0000000e+00 3.9666574e-01
6.0101285e-01 2.8229700e-02 3.9666574e-01
5.8664744e-01 5.3401166e-02 3.9666574e-01
5.6834201e-01 7.5929675e-02 3.9666574e-01
5.4820747e-01 9.6855412e-02 3.9666574e-01
5.2716130e-01 1.1686861e-01 3.9666574e-01
5.0565216e-01 1.3638482e-01 3.9666574e-01
4.8392853e-01 1.5566240e-01 3.9666574e-01
4.6214018e-01 1.7486690e-01 3.9666574e-01
4.4038480e-01 1.9410872e-01 3.9666574e-01
4.1872957e-01 2.1346312e-01 3.9666574e-01
3.9722185e-01 2.3298128e-01 3.9666574e-01
3.7589622e-01 2.5269819e-01 3.9666574e-01
3.5477763e-01 2.7263667e-01 3.9666574e-01
3.3388381e-01 2.9281053e-01 3.9666574e-01
3.1322616e-01 3.1322616e-01 3.9666574e-01
2.9281053e-01 3.3388381e-01 3.9666574e-01
2.7263667e-01 3.5477763e-01 3.9666574e-01
2.5269819e-01 3.7589622e-01 3.9666574e-01
2.3298128e-01 3.9722185e-01 3.9666574e-01
2.1346312e-01 4.1872957e-01 3.9666574e-01
1.9410872e-01 4.4038480e-01 3.9666574e-01
1.7486690e-01 4.6214018e-01 3.9666574e-01
1.5566240e-01 4.8392853e-01 3.9666574e-01
1.3638482e-01 5.0565216e-01 3.9666574e-01
1.1686861e-01 5.2716130e-01 3.9666574e-01
9.6855412e-02 5.4820747e-01 3.9666574e-01
7.5929675e-02 5.6834201e-01 3.9666574e-01
5.3401166e-02 5.8664744e-01 3.9666574e-01
2.8229700e-02 6.0101285e-01 3.9666574e-01
3.7167001e-17 -6.0698320e-01 3.9666574e-01
2.8229700e-02 -6.0101285e-01 3.9666574e-01
5.3401166e-02 -5.8664744e-01 3.9666574e-01
7.5929675e-02 -5.6834201e-01 3.9666574e-01
9.6855412e-02 -5.4820747e-01 3.9666574e-01
1.1686861e-01 -5.2716130e-01 3.9666574e-01
1.3638482e-01 -5.0565216e-01 3.9666574e-01
1.5566240e-01 -4.8392853e-01 3.9666574e-01
1.7486690e-01 -4.6214018e-01 3.9666574e-01
1.9410872e-01 -4.4038480e-01 3.9666574e-01
2.1346312e-01 -4.1872957e-01 3.9666574e-01
2.3298128e-01 -3.9722185e-01 3.9666574e-01
2.5269819e-01 -3.7589622e-01 3.9666574e-01
2.7263667e-01 -3.5477763e-01 3.9666574e-01
2.9281053e-01 -3.3388381e-01 3.9666574e-01
3.1322616e-01 -3.1322616e-01 3.9666574e-01
3.3388381e-01 -2.9281053e-01 3.9666574e-01
3.5477763e-01 -2.7263667e-01 3.9666574e-01
3.7589622e-01 -2.5269819e-01 3.9666574e-01
3.9722185e-01 -2.3298128e-01 3.9666574e-01
4.1872957e-01 -2.1346312e-01 3.9666574e-01
4.4038480e-01 -1.9410872e-01 3.9666574e-01
4.6214018e-01 -1.7486690e-01 3.9666574e-01
4.8392853e-01 -1.5566240e-01 3.9666574e-01
5.0565216e-01 -1.3638482e-01 3.9666574e-01
5.2716130e-01 -1.1686861e-01 3.9666574e-01
5.4820747e-01 -9.6855412e-02 3.9666574e-01
5.6834201e-01 -7.5929675e-02 3.9666574e-01
5.8664744e-01 -5.3401166e-02 3.9666574e-01
6.0101285e-01 -2.8229700e-02 3.9666574e-01
-6.0698320e-01 -7.4334003e-17 3.9666574e-01
-6.0101285e-01 -2.8229700e-02 3.9666574e-01
-5.8664744e-01 -5.3401166e-02 3.9666574e-01
-5.6834201e-01 -7.5929675e-02 3.9666574e-01
-5.4820747e-01 -9.6855412e-02 3.9666574e-01
-5.2716130e-01 -1.1686861e-01 3.9666574e-01
-5.0565216e-01 -1.3638482e-01 3.9666574e-01
-4.8392853e-01 -1.5566240e-01 3.9666574e-01
-4.6214018e-01 -1.7486690e-01 3.9666574e-01
-4.4038480e-01 -1.9410872e-01 3.9666574e-01
-4.1872957e-01 -2.1346312e-01 3.9666574e-01
-3.9722185e-01 -2.3298128e-01 3.9666574e-01
-3.7589622e-01 -2.5269819e-01 3.9666574e-01
-3.5477763e-01 -2.7263667e-01 3.9666574e-01
-3.3388381e-01 -2.9281053e-01 3.9666574e-01
-3.1322616e-01 -3.1322616e-01 3.9666574e-01
-2.9281053e-01 -3.3388381e-01 3.9666574e-01
-2.7263667e-01 -3.5477763e-01 3.9666574e-01
-2.5269819e-01 -3.7589622e-01 3.9666574e-01
-2.3298128e-01 -3.9722185e-01 3.9666574e-01
-2.1346312e-01 -4.1872957e-01 3.9666574e-01
-1.9410872e-01 -4.4038480e-01 3.9666574e-01
-1.7486690e-01 -4.6214018e-01 3.9666574e-01
-1.5566240e-01 -4.8392853e-01 3.9666574e-01
-1.3638482e-01 -5.0565216e-01 3.9666574e-01
-1.1686861e-01 -5.2716130e-01 3.9666574e-01
-9.6855412e-02 -5.4820747e-01 3.9666574e-01
-7.5929675e-02 -5.6834201e-01 3.9666574e-01
-5.3401166e-02 -5.8664744e-01 3.9666574e-01
-2.8229700e-02 -6.0101285e-01 3.9666574e-01
-1.1150100e-16 6.0698320e-01 3.9666574e-01
-2.8229700e-02 6.0101285e-01 3.9666574e-01
-5.3401166e-02 5.8664744e-01 3.9666574e-01
-7.5929675e-02 5.6834201e-01 3.9666574e-01
-9.6855412e-02 5.4820747e-01 3.9666574e-01
-1.1686861e-01 5.2716130e-01 3.9666574e-01
-1.3638482e-01 5.0565216e-01 3.9666574e-01
-1.5566240e-01 4.8392853e-01 3.9666574e-01
-1.7486690e-01 4.6214018e-01 3.9666574e-01
-1.9410872e-01 4.4038480e-01 3.9666574e-01
-2.1346312e-01 4.1872957e-01 3.9666574e-01
-2.3298128e-01 3.9722185e-01 3.9666574e-01
-2.5269819e-01 3.7589622e-01 3.9666574e-01
-2.7263667e-01 3.5477763e-01 3.9666574e-01
-2.9281053e-01 3.3388381e-01 3.9666574e-01
-3.1322616e-01 3.1322616e-01 3.9666574e-01
-3.3388381e-01 2.9281053e-01 3.9666574e-01
-3.5477763e-01 2.7263667e-01 3.9666574e-01
-3.7589622e-01 2.5269819e-01 3.9666574e-01
-3.9722185e-01 2.3298128e-01 3.9666574e-01
-4.1872957e-01 2.1346312e-01 3.9666574e-01
-4.4038480e-01 1.9410872e-01 3.9666574e-01
-4.6214018e-01 1.7486690e-01 3.9666574e-01
-4.8392853e-01 1.5566240e-01 3.9666574e-01
-5.0565216e-01 1.3638482e-01 3.9666574e-01
-5.2716130e-01 1.1686861e-01 3.9666574e-01
-5.4820747e-01 9.6855412e-02 3.9666574e-01
-5.6834201e-01 7.5929675e-02 3.9666574e-01
-5.8664744e-01 5.3401166e-02 3.9666574e-01
-6.0101285e-01 2.8229700e-02 3.9666574e-01
6.0525241e-01 0.0000000e+00 4.7599889e-01
5.9937177e-01 2.8173010e-02 4.7599889e-01
5.8517556e-01 5.3350524e-02 4.7599889e-01
5.6704079e-01 7.5915672e-02 4.7599889e-01
5.4706508e-01 9.6884533e-02 4.7599889e-01
5.2616667e-01 1.1693845e-01 4.7599889e-01
5.0479758e-01 1.3649141e-01 4.7599889e-01
4.8320732e-01 1.5580032e-01 4.7599889e-01
4.6154357e-01 1.7502684e-01 4.7599889e-01
4.3990590e-01 1.9428270e-01 4.7599889e-01
4.1835964e-01 2.1364075e-01 4.7599889e-01
3.9695237e-01 2.3315234e-01 4.7599889e-01
3.7571789e-01 2.5285180e-01 4.7599889e-01
3.5468101e-01 2.7276211e-01 4.7599889e-01
3.3385873e-01 2.9289673e-01 4.7599889e-01
3.1326211e-01 3.1326211e-01 4.7599889e-01
2.9289673e-01 3.3385873e-01 4.7599889e-01
2.7276211e-01 3.5468101e-01 4.7599889e-01
2.5285180e-01 3.7571789e-01 4.7599889e-01
2.3315234e-01 3.9695237e-01 4.7599889e-01
2.1364075e-01 4.1835964e-01 4.7599889e-01
1.9428270e-01 4.3990590e-01 4.7599889e-01
1.7502684e-01 4.6154357e-01 4.7599889e-01
1.5580032e-01 4.8320732e-01 4.7599889e-01
1.3649141e-01 5.0479758e-01 4.7599889e-01
1.1693845e-01 5.2616667e-01 4.7599889e-01
9.6884533e-02 5.4706508e-01 4.7599889e-01
7.5915672e-02 5.6704079e-01 4.7599889e-01
5.3350524e-02 5.8517556e-01 4.7599889e-01
2.8173010e-02 5.9937177e-01 4.7599889e-01
3.7061022e-17 -6.0525241e-01 4.7599889e-01
2.8173010e-02 -5.9937177e-01 4.7599889e-01
5.3350524e-02 -5.8517556e-01 4.7599889e-01
7.5915672e-02 -5.6704079e-01 4.7599889e-01
9.6884533e-02 -5.4706508e-01 4.7599889e-01
1.1693845e-01 -5.2616667e-01 4.7599889e-01
1.3649141e-01 -5.0479758e-01 4.7599889e-01
1.5580032e-01 -4.8320732e-01 4.7599889e-01
1.7502684e-01 -4.6154357e-01 4.7599889e-01
1.9428270e-01 -4.3990590e-01 4.7599889e-01
2.1364075e-01 -4.1835964e-01 4.7599889e-01
2.3315234e-01 -3.9695237e-01 4.7599889e-01
2.5285180e-01 -3.7571789e-01 4.7599889e-01
2.7276211e-01 -3.5468101e-01 4.7599889e-01
2.9289673e-01 -3.3385873e-01 4.7599889e-01
3.1326211e-01 -3.1326211e-01 4.7599889e-01
3.3385873e-01 -2.9289673e-01 4.7599889e-01
3.5468101e-01 -2.7276211e-01 4.7599889e-01
3.7571789e-01 -2.5285180e-01 4.7599889e-01
3.9695237e-01 -2.3315234e-01 4.7599889e-01
4.1835964e-01 -2.1364075e-01 4.7599889e-01
4.3990590e-01 -1.9428270e-01 4.7599889e-01
4.6154357e-01 -1.7502684e-01 4.7599889e-01
4.8320732e-01 -1.5580032e-01 4.7599889e-01
5.0479758e-01 -1.3649141e-01 4.7599889e-01
5.2616667e-01 -1.1693845e-01 4.7599889e-01
5.4706508e-01 -9.6884533e-02 4.7599889e-01
5.6704079e-01 -7.5915672e-02 4.7599889e-01
5.8517556e-01 -5.3350524e-02 4.7599889e-01
5.9937177e-01 -2.8173010e-02 4.7599889e-01
-6.0525241e-01 -7.4122043e-17 4.7599889e-01
-5.9937177e-01 -2.8173010e-02 4.7599889e-01
-5.8517556e-01 -5.3350524e-02 4.7599889e-01
-5.6704079e-01 -7.5915672e-02 4.7599889e-01
-5.4706508e-01 -9.6884533e-02 4.7599889e-01
-5.2616667e-01 -1.1693845e-01 4.7599889e-01
-5.0479758e-01 -1.3649141e-01 4.7599889e-01
-4.8320732e-01 -1.5580032e-01 4.7599889e-01
-4.6154357e-01 -1.7502684e-01 4.7599889e-01
-4.3990590e-01 -1.9428270e-01 4.7599889e-01
-4.1835964e-01 -2.1364075e-01 4.7599889e-01
-3.9695237e-01 -2.3315234e-01 4.7599889e-01
-3.7571789e-01 -2.5285180e-01 4.7599889e-01
-3.5468101e-01 -2.7276211e-01 4.7599889e-01
-3.3385873e-01 -2.9289673e-01 4.7599889e-01
-3.1326211e-01 -3.1326211e-01 4.7599889e-01
-2.9289673e-01 -3.3385873e-01 4.7599889e-01
-2.7276211e-01 -3.5468101e-01 4.7599889e-01
-2.5285180e-01 -3.7571789e-01 4.7599889e-01
-2.3315234e-01 -3.9695237e-01 4.7599889e-01
-2.1364075e-01 -4.1835964e-01 4.7599889e-01
-1.9428270e-01 -4.3990590e-01 4.7599889e-01
-1.7502684e-01 -4.6154357e-01 4.7599889e-01
-1.5580032e-01 -4.8320732e-01 4.7599889e-01
-1.3649141e-01 -5.0479758e-01 4.7599889e-01
-1.1693845e-01 -5.2616667e-01 4.7599889e-01
-9.6884533e-02 -5.4706508e-01 4.7599889e-01
-7.5915672e-02 -5.6704079e-01 4.7599889e-01
-5.3350524e-02 -5.8517556e-01 4.7599889e-01
-2.8173010e-02 -5.9937177e-01 4.7599889e-01
-1.1118306e-16 6.0525241e-01 4.7599889e-01
-2.8173010e-02 5.9937177e-01 4.7599889e-01
-5.3350524e-02 5.8517556e-01 4.7599889e-01
-7.5915672e-02 5.6704079e-01 4.7599889e-01
-9.6884533e-02 5.4706508e-01 4.7599889e-01
-1.1693845e-01 5.2616667e-01 4.7599889e-01
-1.3649141e-01 5.0479758e-01 4.7599889e-01
-1.5580032e-01 4.8320732e-01 4.7599889e-01
-1.7502684e-01 4.6154357e-01 4.7599889e-01
-1.9428270e-01 4.3990590e-01 4.7599889e-01
-2.1364075e-01 4.1835964e-01 4.7599889e-01
-2.3315234e-01 3.9695237e-01 4.7599889e-01
-2.5285180e-01 3.7571789e-01 4.7599889e-01
-2.7276211e-01 3.5468101e-01 4.7599889e-01
-2.9289673e-01 3.3385873e-01 4.7599889e-01
-3.1326211e-01 3.1326211e-01 4.7599889e-01
-3.3385873e-01 2.9289673e-01 4.7599889e-01
-3.5468101e-01 2.7276211e-01 4.7599889e-01
-3.7571789e-01 2.5285180e-01 4.7599889e-01
-3.9695237e-01 2.3315234e-01 4.7599889e-01
-4.1835964e-01 2.1364075e-01 4.7599889e-01
-4.3990590e-01 1.9428270e-01 4.7599889e-01
-4.6154357e-01 1.7502684e-01 4.7599889e-01
-4.8320732e-01 1.5580032e-01 4.7599889e-01
-5.0479758e-01 1.3649141e-01 4.7599889e-01
-5.2616667e-01 1.1693845e-01 4.7599889e-01
-5.4706508e-01 9.6884533e-02 4.7599889e-01
-5.6704079e-01 7.5915672e-02 4.7599889e-01
-5.8517556e-01 5.3350524e-02 4.7599889e-01
-5.9937177e-01 2.8173010e-02 4.7599889e-01
